6
10.32	5.19	-2.71	1.52	-0.89	3.31	
5.19	9.39	0.15	2.64	0.21	3.26	
-2.71	0.15	5.50	-0.27	2.32	-0.73	
1.52	2.64	-0.27	8.51	-3.69	1.46	
-0.89	0.21	2.32	-3.69	5.58	0.65	
3.31	3.26	-0.73	1.46	0.65	6.87	
